0
1.2
2.0
3.4
6.1
6.3
7.1
8.8
12.3
12.5
13.1
14.6
14.8
17.3
17.9
20.2
22.9
23.8
24.2
25.9
27.3
29.8
30.7
32.1
32.5
33.8
34.7
35.8
36.8
37.8
39.4
39.5
40.7
42.3
44.8
46.2
46.9
47.4
49.1
49.2
49.3
51.4
52.4
52.6
53.5
57.2
58.6
65.7
66.2
66.4
66.7
67.9
69.4
69.9
71.5
73.6
73.8
75.3
76.1
77.1
79.4
79.5
80.2
81.3
82.1
82.7
83.5
84.1
85.3
85.9
86.0
86.6
87.4
88.1
88.8
92.3
92.8
94.6
95.0
96.7
96.9
97.5
100.2
100.3
100.4
101.2
101.8
102.6
103.0
104.0
104.9
105.4
107.7
108.3
110.6
111.8
112.5
112.9
113.2
115.0
